   40060        0 0.414984
   40060        1 0.260623
   40060        2 7.893648
   40060        3 6.299706
   40060        4 82.338005
   40060        5 0.044742
   40060        6 0.323263
   40060        7 0.074943
   40060        8 0.212526
   40060        9 2.137560
   40061        0 0.027964
   40061        1 0.019015
   40061        2 0.210288
   40061        3 5.300836
   40061        4 91.534770
   40061        5 0.153242
   40061        6 1.181195
   40061        7 0.238252
   40061        8 1.249427
   40061        9 0.085010
